2019 05 07 58610  0.079293  0.415390 -0.1540923  0.0006386 -0.104481 -0.011721  0.000031 -0.000234  37
2019 05 08 58611  0.080552  0.416243 -0.1547041  0.0005348 -0.104624 -0.011760  0.000028 -0.000234  37
2019 05 09 58612  0.081883  0.416874 -0.1552501  0.0004863 -0.104887 -0.011725  0.000021 -0.000236  37
2019 05 10 58613  0.083260  0.417479 -0.1557971  0.0005116 -0.105045 -0.011711  0.000008 -0.000235  37
2019 05 11 58614  0.084551  0.418120 -0.1564150  0.0006109 -0.104872 -0.011742 -0.000010 -0.000229  37
2019 05 12 58615  0.085921  0.418543 -0.1571692  0.0007651 -0.104375 -0.011746 -0.000035 -0.000222  37
2019 05 13 58616  0.087308  0.419027 -0.1580972  0.0009387 -0.103846 -0.011639 -0.000061 -0.000218  37
2019 05 14 58617  0.088578  0.419446 -0.1591948  0.0010860 -0.103648 -0.011436 -0.000083 -0.000222  37
2019 05 15 58618  0.089897  0.419987 -0.1604117  0.0011634 -0.103933 -0.011262 -0.000091 -0.000233  37
2019 05 16 58619  0.091332  0.420600 -0.1616572  0.0011432 -0.104538 -0.011234 -0.000082 -0.000241  37
2019 05 17 58620  0.092664  0.421012 -0.1628384  0.0010247 -0.105122 -0.011339 -0.000060 -0.000240  37
2019 05 18 58621  0.093953  0.421285 -0.1638605  0.0008344 -0.105419 -0.011446 -0.000032 -0.000226  37
2019 05 19 58622  0.095335  0.421608 -0.1646767  0.0006158 -0.105398 -0.011447 -0.000009 -0.000203  37
2019 05 20 58623  0.096821  0.421889 -0.1652771  0.0004129 -0.105231 -0.011371  0.000002 -0.000182  37
2019 05 21 58624  0.098323  0.422012 -0.1656982  0.0002569 -0.105123 -0.011336  0.000002 -0.000172  37
2019 05 22 58625  0.099703  0.422129 -0.1659917  0.0001624 -0.105165 -0.011403 -0.000005 -0.000179  37
2019 05 23 58626  0.100964  0.422224 -0.1662250  0.0001307 -0.105299 -0.011520 -0.000012 -0.000195  37
2019 05 24 58627  0.102240  0.422446 -0.1664543  0.0001541 -0.105404 -0.011599 -0.000017 -0.000213  37
2019 05 25 58628  0.103622  0.422623 -0.1667326  0.0002199 -0.105385 -0.011619 -0.000020 -0.000222  37
2019 05 26 58629  0.105160  0.422917 -0.1670864  0.0003117 -0.105244 -0.011626 -0.000025 -0.000222  37
2019 05 27 58630  0.106709  0.423136 -0.1675404  0.0004112 -0.105092 -0.011646 -0.000035 -0.000216  37
2019 05 28 58631  0.108226  0.423303 -0.1680898  0.0005012 -0.105104 -0.011637 -0.000047 -0.000211  37
2019 05 29 58632  0.109743  0.423424 -0.1687181  0.0005678 -0.105395 -0.011536 -0.000059 -0.000211  37
2019 05 30 58633  0.111119  0.423559 -0.1694001  0.0005994 -0.105914 -0.011337 -0.000065 -0.000215  37
2019 05 31 58634  0.112490  0.423635 -0.1700881  0.0005867 -0.106445 -0.011126 -0.000063 -0.000219  37
2019 06 01 58635  0.113878  0.423736 -0.1707385  0.0005241 -0.106761 -0.011025 -0.000056 -0.000219  37
2019 06 02 58636  0.115424  0.423783 -0.1713027  0.0004162 -0.106805 -0.011101 -0.000047 -0.000216  37
2019 06 03 58637  0.117009  0.423838 -0.1717483  0.0002832 -0.106723 -0.011312 -0.000040 -0.000211  37
2019 06 04 58638  0.118475  0.423787 -0.1720593  0.0001601 -0.106708 -0.011529 -0.000038 -0.000207  37
2019 06 05 58639  0.119833  0.423761 -0.1722687  0.0000855 -0.106823 -0.011622 -0.000039 -0.000206  37
2019 06 06 58640  0.121308  0.423785 -0.1724360  0.0000870 -0.106982 -0.011561 -0.000044 -0.000205  37
2019 06 07 58641  0.123095  0.423658 -0.1726494  0.0001688 -0.107066 -0.011429 -0.000054 -0.000201  37
2019 06 08 58642  0.124890  0.423541 -0.1729732  0.0003100 -0.107012 -0.011337 -0.000070 -0.000193  37
2019 06 09 58643  0.126557  0.423407 -0.1734537  0.0004722 -0.106832 -0.011315 -0.000091 -0.000186  37
2019 06 10 58644  0.127944  0.423329 -0.1740900  0.0006113 -0.106618 -0.011303 -0.000115 -0.000183  37
2019 06 11 58645  0.129395  0.423158 -0.1748393  0.0006896 -0.106533 -0.011248 -0.000134 -0.000186  37
2019 06 12 58646  0.131043  0.423051 -0.1756231  0.0006841 -0.106732 -0.011164 -0.000141 -0.000193  37
2019 06 13 58647  0.132606  0.422968 -0.1763577  0.0005917 -0.107232 -0.011105 -0.000133 -0.000198  37
2019 06 14 58648  0.134190  0.422802 -0.1769635  0.0004298 -0.107843 -0.011086 -0.000112 -0.000194  37
2019 06 15 58649  0.135762  0.422636 -0.1773868  0.0002311 -0.108282 -0.011081 -0.000088 -0.000181  37
2019 06 16 58650  0.137313  0.422353 -0.1776063  0.0000342 -0.108397 -0.011073 -0.000069 -0.000164  37
2019 06 17 58651  0.138695  0.421850 -0.1776447 -0.0001282 -0.108276 -0.011082 -0.000059 -0.000149  37
2019 06 18 58652  0.140052  0.421377 -0.1775474 -0.0002359 -0.108139 -0.011136 -0.000058 -0.000144  37
2019 06 19 58653  0.141375  0.420814 -0.1773692 -0.0002828 -0.108122 -0.011214 -0.000062 -0.000150  37
2019 06 20 58654  0.142884  0.420122 -0.1771737 -0.0002727 -0.108222 -0.011266 -0.000065 -0.000162  37
2019 06 21 58655  0.144413  0.419461 -0.1770132 -0.0002164 -0.108395 -0.011276 -0.000067 -0.000173  37
2019 06 22 58656  0.145819  0.418833 -0.1769268 -0.0001287 -0.108614 -0.011283 -0.000069 -0.000179  37
2019 06 23 58657  0.147204  0.418380 -0.1769369 -0.0000276 -0.108825 -0.011326 -0.000074 -0.000179  37
2019 06 24 58658  0.148520  0.417947 -0.1770433  0.0000685 -0.108955 -0.011382 -0.000085 -0.000175  37
2019 06 25 58659  0.149737  0.417497 -0.1772408  0.0001441 -0.109047 -0.011381 -0.000097 -0.000171  37
2019 06 26 58660  0.150988  0.417016 -0.1774957  0.0001889 -0.109308 -0.011279 -0.000108 -0.000169  37
2019 06 27 58661  0.152135  0.416507 -0.1777776  0.0001964 -0.109892 -0.011096 -0.000113 -0.000168  37
2019 06 28 58662  0.153465  0.415891 -0.1780464  0.0001622 -0.110643 -0.010892 -0.000110 -0.000166  37
2019 06 29 58663  0.154727  0.415243 -0.1782587  0.0000855 -0.111187 -0.010733 -0.000103 -0.000162  37
2019 06 30 58664  0.155930  0.414564 -0.1783756 -0.0000241 -0.111340 -0.010683 -0.000096 -0.000158  37
2019 07 01 58665  0.157199  0.413977 -0.1783753 -0.0001412 -0.111283 -0.010794 -0.000092 -0.000153  37
2019 07 02 58666  0.158662  0.413360 -0.1782732 -0.0002273 -0.111276 -0.011035 -0.000091 -0.000150  37
2019 07 03 58667  0.160185  0.412703 -0.1781123 -0.0002440 -0.111331 -0.011255 -0.000092 -0.000147  37
2019 07 04 58668  0.161725  0.411944 -0.1779811 -0.0001722 -0.111299 -0.011293 -0.000096 -0.000143  37
2019 07 05 58669  0.163165  0.411035 -0.1779601 -0.0000245 -0.111172 -0.011143 -0.000104 -0.000136  37
2019 07 06 58670  0.164614  0.410171 -0.1781063  0.0001574 -0.111123 -0.010972 -0.000115 -0.000129  37
2019 07 07 58671  0.165867  0.409389 -0.1784311  0.0003192 -0.111268 -0.010924 -0.000131 -0.000123  37
2019 07 08 58672  0.167023  0.408716 -0.1788857  0.0004142 -0.111521 -0.010989 -0.000149 -0.000119  37
2019 07 09 58673  0.168376  0.408088 -0.1793926  0.0004181 -0.111723 -0.011065 -0.000162 -0.000118  37
2019 07 10 58674  0.169886  0.407445 -0.1798583  0.0003321 -0.111843 -0.011094 -0.000166 -0.000118  37
2019 07 11 58675  0.171427  0.406645 -0.1801981  0.0001780 -0.112011 -0.011087 -0.000159 -0.000115  37
2019 07 12 58676  0.172970  0.405798 -0.1803595 -0.0000112 -0.112335 -0.011055 -0.000144 -0.000108  37
2019 07 13 58677  0.174464  0.405012 -0.1803336 -0.0002000 -0.112740 -0.011013 -0.000128 -0.000097  37
2019 07 14 58678  0.175779  0.404132 -0.1801284 -0.0003585 -0.113020 -0.011003 -0.000116 -0.000086  37
2019 07 15 58679  0.177054  0.403230 -0.1797927 -0.0004666 -0.113059 -0.011080 -0.000110 -0.000079  37
2019 07 16 58680  0.178233  0.402297 -0.1793733 -0.0005162 -0.112935 -0.011228 -0.000109 -0.000077  37
2019 07 17 58681  0.179469  0.401387 -0.1789318 -0.0005092 -0.112808 -0.011343 -0.000110 -0.000080  37
2019 07 18 58682  0.180767  0.400537 -0.1785245 -0.0004544 -0.112789 -0.011320 -0.000110 -0.000084  37
2019 07 19 58683  0.181932  0.399652 -0.1781890 -0.0003650 -0.112932 -0.011181 -0.000109 -0.000089  37
2019 07 20 58684  0.182993  0.398666 -0.1779555 -0.0002576 -0.113233 -0.011054 -0.000109 -0.000092  37
2019 07 21 58685  0.183981  0.397727 -0.1778246 -0.0001504 -0.113577 -0.011034 -0.000113 -0.000093  37
2019 07 22 58686  0.185035  0.396769 -0.1777986 -0.0000607 -0.113775 -0.011077 -0.000121 -0.000093  37
2019 07 23 58687  0.186051  0.395893 -0.1778452 -0.0000011 -0.113780 -0.011072 -0.000130 -0.000091  37
2019 07 24 58688  0.186989  0.394869 -0.1779348  0.0000224 -0.113844 -0.010985 -0.000136 -0.000088  37
2019 07 25 58689  0.187841  0.393773 -0.1780262  0.0000088 -0.114288 -0.010889 -0.000138 -0.000083  37
2019 07 26 58690  0.188615  0.392591 -0.1780898 -0.0000405 -0.115064 -0.010848 -0.000134 -0.000077  37
2019 07 27 58691  0.189382  0.391617 -0.1780833 -0.0001199 -0.115727 -0.010835 -0.000129 -0.000072  37
2019 07 28 58692  0.190142  0.390644 -0.1779900 -0.0002148 -0.115944 -0.010814 -0.000125 -0.000068  37
2019 07 29 58693  0.190901  0.389661 -0.1778039 -0.0002961 -0.115852 -0.010849 -0.000125 -0.000065  37
2019 07 30 58694  0.191644  0.388712 -0.1775577 -0.0003250 -0.115766 -0.011024 -0.000128 -0.000063  37
2019 07 31 58695  0.192446  0.387697 -0.1773259 -0.0002688 -0.115719 -0.011264 -0.000132 -0.000059  37
2019 08 01 58696  0.193356  0.386557 -0.1771954 -0.0001204 -0.115545 -0.011351 -0.000137 -0.000053  37
2019 08 02 58697  0.194126  0.385439 -0.1772495  0.0000901 -0.115281 -0.011203 -0.000143 -0.000047  37
2019 08 03 58698  0.194800  0.384480 -0.1775181  0.0003037 -0.115196 -0.010995 -0.000150 -0.000042  37
2019 08 04 58699  0.195360  0.383466 -0.1779787  0.0004561 -0.115460 -0.010923 -0.000157 -0.000038  37
2019 08 05 58700  0.195956  0.382371 -0.1785378  0.0005039 -0.115946 -0.010972 -0.000164 -0.000034  37
2019 08 06 58701  0.196558  0.381168 -0.1790869  0.0004390 -0.116373 -0.011012 -0.000167 -0.000027  37
2019 08 07 58702  0.197021  0.379826 -0.1795269  0.0002863 -0.116537 -0.011021 -0.000165 -0.000017  37
2019 08 08 58703  0.197503  0.378413 -0.1797820  0.0000887 -0.116464 -0.011075 -0.000158 -0.000005  37
2019 08 09 58704  0.198125  0.377075 -0.1798377 -0.0001096 -0.116386 -0.011186 -0.000149  0.000007  37
2019 08 10 58705  0.198729  0.375838 -0.1797117 -0.0002744 -0.116501 -0.011277 -0.000140  0.000015  37
2019 08 11 58706  0.199421  0.374667 -0.1794446 -0.0003857 -0.116756 -0.011314 -0.000135  0.000018  37
2019 08 12 58707  0.200059  0.373655 -0.1790944 -0.0004360 -0.116919 -0.011357 -0.000133  0.000018  37
2019 08 13 58708  0.200660  0.372538 -0.1787284 -0.0004279 -0.116851 -0.011445 -0.000132  0.000017  37
2019 08 14 58709  0.201040  0.371455 -0.1783924 -0.0003704 -0.116634 -0.011494 -0.000130  0.000018  37
2019 08 15 58710  0.201197  0.370359 -0.1781331 -0.0002764 -0.116451 -0.011380 -0.000126  0.000020  37
2019 08 16 58711  0.201418  0.369211 -0.1779789 -0.0001614 -0.116430 -0.011107 -0.000123  0.000021  37
2019 08 17 58712  0.201693  0.367992 -0.1779461 -0.0000429 -0.116576 -0.010843 -0.000121  0.000019  37
2019 08 18 58713  0.201944  0.366774 -0.1780209  0.0000616 -0.116762 -0.010741 -0.000121  0.000014  37
2019 08 19 58714  0.202233  0.365428 -0.1781890  0.0001369 -0.116808 -0.010774 -0.000124  0.000009  37
2019 08 20 58715  0.202621  0.364078 -0.1784119  0.0001737 -0.116654 -0.010800 -0.000125  0.000006  37
2019 08 21 58716  0.202988  0.362775 -0.1786539  0.0001709 -0.116513 -0.010762 -0.000124  0.000009  37
2019 08 22 58717  0.203190  0.361526 -0.1788770  0.0001330 -0.116717 -0.010749 -0.000120  0.000016  37
2019 08 23 58718  0.203193  0.360207 -0.1790454  0.0000686 -0.117316 -0.010851 -0.000114  0.000024  37
2019 08 24 58719  0.203347  0.358920 -0.1791409 -0.0000101 -0.117929 -0.011009 -0.000110  0.000028  37
2019 08 25 58720  0.203669  0.357626 -0.1791577 -0.0000828 -0.118153 -0.011087 -0.000109  0.000030  37
2019 08 26 58721  0.203951  0.356450 -0.1791161 -0.0001195 -0.118006 -0.011074 -0.000113  0.000030  37
2019 08 27 58722  0.204128  0.355265 -0.1790702 -0.0000856 -0.117785 -0.011084 -0.000121  0.000032  37
2019 08 28 58723  0.204296  0.354073 -0.1791042  0.0000414 -0.117609 -0.011136 -0.000129  0.000037  37
2019 08 29 58724  0.204517  0.352765 -0.1793142  0.0002539 -0.117390 -0.011079 -0.000137  0.000042  37
2019 08 30 58725  0.204540  0.351458 -0.1797575  0.0005069 -0.117168 -0.010840 -0.000143  0.000046  37
2019 08 31 58726  0.204432  0.350029 -0.1804516  0.0007307 -0.117137 -0.010604 -0.000144  0.000047  37
2019 09 01 58727  0.204404  0.348559 -0.1813203  0.0008587 -0.117370 -0.010570 -0.000142  0.000048  37
2019 09 02 58728  0.204536  0.347094 -0.1822543  0.0008560 -0.117743 -0.010658 -0.000135  0.000053  37
2019 09 03 58729  0.204638  0.345761 -0.1831234  0.0007315 -0.118087 -0.010656 -0.000125  0.000066  37
2019 09 04 58730  0.204719  0.344573 -0.1838214  0.0005291 -0.118260 -0.010568 -0.000113  0.000085  37
2019 09 05 58731  0.204734  0.343641 -0.1843024  0.0003061 -0.118169 -0.010605 -0.000104  0.000106  37
2019 09 06 58732  0.204631  0.342689 -0.1845718  0.0001117 -0.117911 -0.010851 -0.000097  0.000120  37
2019 09 07 58733  0.204488  0.341621 -0.1846753 -0.0000242 -0.117757 -0.011136 -0.000094  0.000124  37
2019 09 08 58734  0.204319  0.340384 -0.1846781 -0.0000912 -0.117849 -0.011259 -0.000094  0.000120  37
2019 09 09 58735  0.204062  0.338937 -0.1846484 -0.0000927 -0.118008 -0.011212 -0.000093  0.000112  37
2019 09 10 58736  0.203954  0.337536 -0.1846421 -0.0000394 -0.117971 -0.011118 -0.000090  0.000109  37
2019 09 11 58737  0.204012  0.336160 -0.1847142  0.0000541 -0.117708 -0.011027 -0.000086  0.000113  37
2019 09 12 58738  0.203977  0.334851 -0.1848926  0.0001718 -0.117402 -0.010866 -0.000081  0.000120  37
2019 09 13 58739  0.203753  0.333576 -0.1851966  0.0002962 -0.117209 -0.010592 -0.000077  0.000124  37
2019 09 14 58740  0.203661  0.332243 -0.1856163  0.0004101 -0.117128 -0.010306 -0.000074  0.000121  37
2019 09 15 58741  0.203600  0.330916 -0.1861405  0.0004972 -0.117067 -0.010159 -0.000071  0.000112  37
2019 09 16 58742  0.203625  0.329597 -0.1867319  0.0005451 -0.116939 -0.010173 -0.000067  0.000101  37
2019 09 17 58743  0.203525  0.328315 -0.1873482  0.0005484 -0.116734 -0.010234 -0.000060  0.000096  37
2019 09 18 58744  0.203410  0.326911 -0.1879499  0.0005101 -0.116557 -0.010253 -0.000050  0.000098  37
2019 09 19 58745  0.203284  0.325489 -0.1884963  0.0004410 -0.116588 -0.010273 -0.000040  0.000105  37
2019 09 20 58746  0.202991  0.324112 -0.1889637  0.0003570 -0.116905 -0.010381 -0.000032  0.000112  37
2019 09 21 58747  0.202531  0.322737 -0.1893533  0.0002779 -0.117319 -0.010556 -0.000028  0.000116  37
2019 09 22 58748  0.201984  0.321385 -0.1896694  0.0002278 -0.117514 -0.010667 -0.000030  0.000115  37
2019 09 23 58749  0.201535  0.320045 -0.1899628  0.0002346 -0.117372 -0.010636 -0.000038  0.000115  37
2019 09 24 58750  0.201070  0.318620 -0.1903008  0.0003234 -0.117044 -0.010506 -0.000050  0.000117  37
2019 09 25 58751  0.200619  0.317080 -0.1907765  0.0005023 -0.116713 -0.010318 -0.000064  0.000122  37
2019 09 26 58752  0.200006  0.315583 -0.1914720  0.0007493 -0.116459 -0.010027 -0.000076  0.000126  37
2019 09 27 58753  0.199394  0.314222 -0.1924257  0.0010093 -0.116354 -0.009651 -0.000083  0.000126  37
2019 09 28 58754  0.198897  0.313014 -0.1936185  0.0012110 -0.116448 -0.009404 -0.000081  0.000122  37
2019 09 29 58755  0.198394  0.311850 -0.1949553  0.0012944 -0.116636 -0.009468 -0.000069  0.000119  37
2019 09 30 58756  0.197833  0.310743 -0.1963032  0.0012375 -0.116744 -0.009710 -0.000050  0.000125  37
2019 10 01 58757  0.197141  0.309632 -0.1975380  0.0010640 -0.116749 -0.009812 -0.000027  0.000142  37
2019 10 02 58758  0.196445  0.308384 -0.1985580  0.0008302 -0.116717 -0.009706 -0.000007  0.000168  37
2019 10 03 58759  0.195888  0.307080 -0.1993425  0.0005990 -0.116614 -0.009651  0.000006  0.000193  37
2019 10 04 58760  0.195406  0.305704 -0.1999201  0.0004182 -0.116384 -0.009854  0.000012  0.000207  37
2019 10 05 58761  0.194723  0.304404 -0.2003517  0.0003109 -0.116152 -0.010180  0.000011  0.000206  37
2019 10 06 58762  0.193911  0.303110 -0.2007174  0.0002788 -0.116089 -0.010337  0.000010  0.000194  37
2019 10 07 58763  0.193211  0.301964 -0.2010841  0.0003110 -0.116135 -0.010219  0.000011  0.000181  37
2019 10 08 58764  0.192600  0.300986 -0.2015077  0.0003912 -0.116068 -0.009973  0.000014  0.000176  37
2019 10 09 58765  0.192149  0.299987 -0.2020309  0.0005012 -0.115811 -0.009773  0.000018  0.000181  37
2019 10 10 58766  0.191758  0.298879 -0.2026700  0.0006226 -0.115505 -0.009636  0.000021  0.000191  37
2019 10 11 58767  0.191416  0.297744 -0.2034315  0.0007376 -0.115283 -0.009472  0.000022  0.000196  37
2019 10 12 58768  0.191079  0.296658 -0.2042930  0.0008296 -0.115126 -0.009255  0.000023  0.000191  37
2019 10 13 58769  0.190472  0.295703 -0.2052324  0.0008851 -0.114965 -0.009068  0.000026  0.000178  37
2019 10 14 58770  0.189768  0.294704 -0.2062047  0.0008950 -0.114807 -0.008995  0.000035  0.000164  37
2019 10 15 58771  0.188864  0.293772 -0.2071671  0.0008573 -0.114695 -0.009027  0.000048  0.000156  37
2019 10 16 58772  0.187882  0.292943 -0.2080677  0.0007793 -0.114627 -0.009092  0.000064  0.000158  37
2019 10 17 58773  0.186932  0.292214 -0.2088781  0.0006775 -0.114584 -0.009151  0.000078  0.000165  37
2019 10 18 58774  0.186038  0.291340 -0.2095892  0.0005752 -0.114603 -0.009215  0.000087  0.000171  37
2019 10 19 58775  0.185072  0.290441 -0.2102049  0.0004987 -0.114704 -0.009289  0.000090  0.000173  37
2019 10 20 58776  0.184084  0.289452 -0.2107713  0.0004735 -0.114790 -0.009336  0.000086  0.000172  37
2019 10 21 58777  0.183022  0.288596 -0.2113436  0.0005208 -0.114696 -0.009303  0.000075  0.000171  37
2019 10 22 58778  0.182020  0.287695 -0.2120056  0.0006509 -0.114371 -0.009163  0.000059  0.000174  37
2019 10 23 58779  0.181036  0.286872 -0.2128352  0.0008549 -0.113947 -0.008899  0.000040  0.000178  37
2019 10 24 58780  0.180012  0.285942 -0.2138994  0.0010982 -0.113649 -0.008514  0.000023  0.000180  37
2019 10 25 58781  0.178843  0.285232 -0.2151985  0.0013238 -0.113646 -0.008102  0.000013  0.000175  37
2019 10 26 58782  0.177632  0.284569 -0.2166939  0.0014686 -0.113909 -0.007886  0.000015  0.000165  37
2019 10 27 58783  0.176389  0.283777 -0.2182720  0.0014883 -0.114190 -0.008019  0.000032  0.000159  37
2019 10 28 58784  0.175106  0.283067 -0.2198014  0.0013769 -0.114234 -0.008366  0.000059  0.000163  37
2019 10 29 58785  0.173789  0.282377 -0.2211661  0.0011695 -0.114030 -0.008594  0.000089  0.000182  37
2019 10 30 58786  0.172711  0.281738 -0.2223033  0.0009261 -0.113765 -0.008545  0.000114  0.000209  37
2019 10 31 58787  0.171749  0.281071 -0.2232043  0.0007067 -0.113545 -0.008403  0.000129  0.000233  37
2019 11 01 58788  0.170745  0.280358 -0.2239158  0.0005517 -0.113331 -0.008418  0.000133  0.000243  37
2019 11 02 58789  0.169566  0.279696 -0.2245157  0.0004756 -0.113109 -0.008585  0.000131  0.000235  37
2019 11 03 58790  0.168321  0.279103 -0.2250744  0.0004728 -0.112953 -0.008676  0.000129  0.000218  37