2021 10 06 59493  0.213448  0.273928 -0.1045258  0.0004317 -0.116669 -0.008268  0.000205 -0.000135  37
2021 10 07 59494  0.212028  0.272513 -0.1050867  0.0005102 -0.116729 -0.008338  0.000211 -0.000144  37
2021 10 08 59495  0.210591  0.271105 -0.1056560  0.0004521 -0.116772 -0.008571  0.000219 -0.000145  37
2021 10 09 59496  0.209255  0.269715 -0.1061164  0.0003011 -0.116786 -0.008770  0.000224 -0.000136  37
2021 10 10 59497  0.207949  0.268334 -0.1063962  0.0000907 -0.116745 -0.008750  0.000227 -0.000122  37
2021 10 11 59498  0.206552  0.266862 -0.1064621 -0.0001011 -0.116673 -0.008543  0.000232 -0.000114  37
2021 10 12 59499  0.205250  0.265670 -0.1063827 -0.0001987 -0.116594 -0.008350  0.000246 -0.000123  37
2021 10 13 59500  0.203878  0.264662 -0.1062534 -0.0001987 -0.116482 -0.008308  0.000268 -0.000148  37
2021 10 14 59501  0.202361  0.263608 -0.1061782 -0.0000876 -0.116299 -0.008380  0.000289 -0.000178  37
2021 10 15 59502  0.200867  0.262516 -0.1062573  0.0000913 -0.116037 -0.008460  0.000298 -0.000197  37
2021 10 16 59503  0.199496  0.261325 -0.1065208  0.0002779 -0.115760 -0.008485  0.000290 -0.000193  37
2021 10 17 59504  0.198213  0.260164 -0.1069595  0.0004303 -0.115571 -0.008426  0.000267 -0.000167  37
2021 10 18 59505  0.196832  0.258986 -0.1075236  0.0005368 -0.115523 -0.008249  0.000243 -0.000132  37
2021 10 19 59506  0.195202  0.257918 -0.1081641  0.0005653 -0.115545 -0.007960  0.000228 -0.000105  37
2021 10 20 59507  0.193521  0.256854 -0.1087864  0.0005204 -0.115524 -0.007668  0.000229 -0.000097  37
2021 10 21 59508  0.192025  0.255824 -0.1093441  0.0004235 -0.115438 -0.007542  0.000241 -0.000107  37
2021 10 22 59509  0.190412  0.254691 -0.1097780  0.0002920 -0.115346 -0.007650  0.000255 -0.000125  37
2021 10 23 59510  0.188814  0.253624 -0.1100796  0.0001473 -0.115262 -0.007882  0.000263 -0.000140  37
2021 10 24 59511  0.187213  0.252729 -0.1102283  0.0000015 -0.115134 -0.008053  0.000263 -0.000145  37
2021 10 25 59512  0.185473  0.251836 -0.1102516 -0.0001074 -0.114963 -0.008102  0.000262 -0.000142  37
2021 10 26 59513  0.183643  0.251038 -0.1101861 -0.0001714 -0.114829 -0.008116  0.000263 -0.000139  37
2021 10 27 59514  0.181709  0.250251 -0.1100813 -0.0001925 -0.114731 -0.008176  0.000270 -0.000141  37
2021 10 28 59515  0.179641  0.249532 -0.1099758 -0.0001634 -0.114505 -0.008226  0.000278 -0.000148  37
2021 10 29 59516  0.177511  0.248811 -0.1099319 -0.0000732 -0.114048 -0.008143  0.000278 -0.000156  37
2021 10 30 59517  0.175511  0.247997 -0.1100108  0.0000922 -0.113570 -0.007922  0.000267 -0.000160  37
2021 10 31 59518  0.173635  0.247336 -0.1102927  0.0003168 -0.113421 -0.007690  0.000248 -0.000159  37
2021 11 01 59519  0.171706  0.246767 -0.1108042  0.0005490 -0.113655 -0.007533  0.000227 -0.000157  37
2021 11 02 59520  0.169695  0.246153 -0.1115351  0.0007423 -0.113986 -0.007390  0.000212 -0.000158  37
2021 11 03 59521  0.167826  0.245535 -0.1124126  0.0008369 -0.114179 -0.007208  0.000207 -0.000161  37
2021 11 04 59522  0.165993  0.244977 -0.1133192  0.0007955 -0.114247 -0.007103  0.000210 -0.000162  37
2021 11 05 59523  0.163995  0.244540 -0.1141098  0.0006062 -0.114216 -0.007203  0.000214 -0.000157  37
2021 11 06 59524  0.161884  0.244240 -0.1146605  0.0003338 -0.114012 -0.007384  0.000217 -0.000145  37
2021 11 07 59525  0.159739  0.243772 -0.1149406  0.0000766 -0.113684 -0.007385  0.000218 -0.000131  37
2021 11 08 59526  0.157656  0.243324 -0.1149954 -0.0001121 -0.113451 -0.007181  0.000223 -0.000124  37
2021 11 09 59527  0.155595  0.242909 -0.1149142 -0.0001823 -0.113422 -0.007035  0.000234 -0.000129  37
2021 11 10 59528  0.153584  0.242521 -0.1148252 -0.0001407 -0.113463 -0.007126  0.000249 -0.000146  37
2021 11 11 59529  0.151611  0.242146 -0.1148143 -0.0000238 -0.113413 -0.007321  0.000261 -0.000166  37
2021 11 12 59530  0.149496  0.241914 -0.1149449  0.0001252 -0.113270 -0.007386  0.000261 -0.000176  37
2021 11 13 59531  0.147346  0.241667 -0.1152168  0.0002587 -0.113111 -0.007273  0.000249 -0.000169  37
2021 11 14 59532  0.145351  0.241383 -0.1156070  0.0003533 -0.112997 -0.007089  0.000228 -0.000147  37
2021 11 15 59533  0.143292  0.241144 -0.1160561  0.0003739 -0.112967 -0.006897  0.000209 -0.000121  37
2021 11 16 59534  0.141099  0.240816 -0.1164816  0.0003045 -0.113007 -0.006674  0.000200 -0.000104  37
2021 11 17 59535  0.139100  0.240521 -0.1167990  0.0001671 -0.113025 -0.006438  0.000204 -0.000104  37
2021 11 18 59536  0.137273  0.240349 -0.1169689  0.0000200 -0.112937 -0.006320  0.000218 -0.000118  37
2021 11 19 59537  0.135402  0.240221 -0.1169930 -0.0001338 -0.112762 -0.006425  0.000233 -0.000140  37
2021 11 20 59538  0.133449  0.240090 -0.1168526 -0.0003025 -0.112578 -0.006687  0.000244 -0.000160  37
2021 11 21 59539  0.131477  0.239923 -0.1165511 -0.0004511 -0.112425 -0.006913  0.000249 -0.000171  37
2021 11 22 59540  0.129716  0.239864 -0.1161262 -0.0005432 -0.112297 -0.006995  0.000250 -0.000176  37
2021 11 23 59541  0.128085  0.239871 -0.1156457 -0.0005655 -0.112189 -0.007003  0.000252 -0.000178  37
2021 11 24 59542  0.126466  0.239854 -0.1151665 -0.0005481 -0.112076 -0.007037  0.000254 -0.000182  37
2021 11 25 59543  0.124817  0.239966 -0.1147293 -0.0004633 -0.111864 -0.007066  0.000256 -0.000189  37
2021 11 26 59544  0.123261  0.240086 -0.1144158 -0.0003190 -0.111494 -0.006975  0.000252 -0.000196  37
2021 11 27 59545  0.121696  0.240145 -0.1142630 -0.0001260 -0.111116 -0.006763  0.000242 -0.000201  37
2021 11 28 59546  0.119998  0.240182 -0.1143328  0.0001064 -0.111000 -0.006588  0.000227 -0.000202  37
2021 11 29 59547  0.118089  0.240210 -0.1146221  0.0003071 -0.111193 -0.006548  0.000211 -0.000200  37
2021 11 30 59548  0.116192  0.240397 -0.1150830  0.0004429 -0.111472 -0.006513  0.000200 -0.000197  37
2021 12 01 59549  0.114259  0.240636 -0.1156292  0.0004712 -0.111701 -0.006309  0.000193 -0.000193  37
2021 12 02 59550  0.112362  0.240994 -0.1161395  0.0003735 -0.111983 -0.006029  0.000191 -0.000188  37
2021 12 03 59551  0.110437  0.241325 -0.1164941  0.0001625 -0.112306 -0.005945  0.000191 -0.000179  37
2021 12 04 59552  0.108576  0.241584 -0.1166041 -0.0000989 -0.112382 -0.006095  0.000192 -0.000169  37
2021 12 05 59553  0.106736  0.242051 -0.1164637 -0.0003325 -0.112064 -0.006206  0.000194 -0.000161  37
2021 12 06 59554  0.104762  0.242599 -0.1161383 -0.0004466 -0.111619 -0.006124  0.000199 -0.000158  37
2021 12 07 59555  0.102810  0.243157 -0.1157792 -0.0004123 -0.111362 -0.006048  0.000205 -0.000162  37
2021 12 08 59556  0.100785  0.243644 -0.1155000 -0.0002930 -0.111273 -0.006189  0.000210 -0.000170  37
2021 12 09 59557  0.098727  0.244065 -0.1153609 -0.0001408 -0.111197 -0.006401  0.000211 -0.000178  37
2021 12 10 59558  0.096720  0.244513 -0.1153758  0.0000149 -0.111146 -0.006373  0.000204 -0.000180  37
2021 12 11 59559  0.094690  0.245064 -0.1155298  0.0001177 -0.111203 -0.006060  0.000192 -0.000173  37
2021 12 12 59560  0.092540  0.245744 -0.1157408  0.0001378 -0.111327 -0.005708  0.000177 -0.000160  37
2021 12 13 59561  0.090417  0.246489 -0.1159405  0.0000921 -0.111436 -0.005522  0.000167 -0.000147  37
2021 12 14 59562  0.088362  0.247136 -0.1160644 -0.0000048 -0.111522 -0.005469  0.000166 -0.000142  37
2021 12 15 59563  0.086095  0.247720 -0.1160778 -0.0001292 -0.111572 -0.005430  0.000173 -0.000147  37
2021 12 16 59564  0.083812  0.248297 -0.1159579 -0.0002663 -0.111512 -0.005410  0.000187 -0.000162  37
2021 12 17 59565  0.081691  0.249021 -0.1156989 -0.0004115 -0.111313 -0.005516  0.000203 -0.000183  37
2021 12 18 59566  0.079696  0.249836 -0.1152938 -0.0005500 -0.111072 -0.005765  0.000215 -0.000202  37
2021 12 19 59567  0.077867  0.250718 -0.1147720 -0.0006396 -0.110900 -0.006018  0.000223 -0.000216  37
2021 12 20 59568  0.076106  0.251743 -0.1141903 -0.0006738 -0.110793 -0.006138  0.000226 -0.000225  37
2021 12 21 59569  0.074401  0.252748 -0.1136034 -0.0006440 -0.110660 -0.006136  0.000225 -0.000229  37
2021 12 22 59570  0.072829  0.253627 -0.1130792 -0.0005564 -0.110447 -0.006120  0.000219 -0.000231  37
2021 12 23 59571  0.071335  0.254386 -0.1126622 -0.0004244 -0.110168 -0.006131  0.000212 -0.000235  37
2021 12 24 59572  0.069889  0.255096 -0.1124018 -0.0002443 -0.109870 -0.006109  0.000202 -0.000239  37
2021 12 25 59573  0.068381  0.255825 -0.1123375 -0.0000356 -0.109626 -0.006020  0.000192 -0.000244  37
2021 12 26 59574  0.066883  0.256697 -0.1124827  0.0001650 -0.109530 -0.005942  0.000182 -0.000246  37
2021 12 27 59575  0.065413  0.257725 -0.1128087  0.0003206 -0.109602 -0.005940  0.000172 -0.000244  37
2021 12 28 59576  0.064022  0.258859 -0.1132559  0.0004000 -0.109757 -0.005926  0.000164 -0.000237  37
2021 12 29 59577  0.062617  0.260062 -0.1137286  0.0003670 -0.109993 -0.005751  0.000157 -0.000228  37
2021 12 30 59578  0.061234  0.261295 -0.1141078  0.0002185 -0.110455 -0.005469  0.000152 -0.000218  37
2021 12 31 59579  0.059684  0.262466 -0.1142951 -0.0000089 -0.111132 -0.005350  0.000151 -0.000212  37
2022 01 01 59580  0.058111  0.263524 -0.1142476 -0.0002332 -0.111660 -0.005524  0.000154 -0.000211  37
2022 01 02 59581  0.056579  0.264679 -0.1140140 -0.0003766 -0.111668 -0.005784  0.000160 -0.000214  37
2022 01 03 59582  0.055000  0.265874 -0.1136965 -0.0003929 -0.111222 -0.005884  0.000166 -0.000219  37
2022 01 04 59583  0.053403  0.267131 -0.1134275 -0.0002909 -0.110672 -0.005877  0.000168 -0.000222  37
2022 01 05 59584  0.051902  0.268324 -0.1132995 -0.0001103 -0.110226 -0.005952  0.000164 -0.000222  37
2022 01 06 59585  0.050433  0.269441 -0.1133667  0.0000786 -0.109925 -0.006059  0.000155 -0.000217  37
2022 01 07 59586  0.048977  0.270603 -0.1135917  0.0002036 -0.109842 -0.005958  0.000143 -0.000210  37
2022 01 08 59587  0.047669  0.271765 -0.1139020  0.0002436 -0.110037 -0.005596  0.000133 -0.000203  37
2022 01 09 59588  0.046564  0.273100 -0.1142094  0.0002055 -0.110383 -0.005227  0.000128 -0.000198  37
2022 01 10 59589  0.045598  0.274418 -0.1144497  0.0001080 -0.110677 -0.005106  0.000127 -0.000196  37
2022 01 11 59590  0.044743  0.275810 -0.1145655 -0.0000379 -0.110848 -0.005218  0.000131 -0.000197  37
2022 01 12 59591  0.043786  0.277137 -0.1145232 -0.0002037 -0.110913 -0.005363  0.000139 -0.000202  37
2022 01 13 59592  0.042889  0.278403 -0.1143148 -0.0003686 -0.110837 -0.005436  0.000150 -0.000210  37
2022 01 14 59593  0.042051  0.279771 -0.1139517 -0.0005078 -0.110587 -0.005514  0.000163 -0.000221  37
2022 01 15 59594  0.041267  0.281280 -0.1134713 -0.0006038 -0.110268 -0.005696  0.000175 -0.000234  37
2022 01 16 59595  0.040365  0.282865 -0.1129185 -0.0006510 -0.110046 -0.005935  0.000184 -0.000245  37
2022 01 17 59596  0.039402  0.284357 -0.1123475 -0.0006382 -0.109950 -0.006090  0.000186 -0.000252  37
2022 01 18 59597  0.038445  0.285827 -0.1118214 -0.0005622 -0.109840 -0.006091  0.000179 -0.000254  37
2022 01 19 59598  0.037529  0.287311 -0.1114017 -0.0004242 -0.109608 -0.006003  0.000164 -0.000252  37
2022 01 20 59599  0.036680  0.288784 -0.1111436 -0.0002447 -0.109312 -0.005936  0.000146 -0.000250  37
2022 01 21 59600  0.035846  0.290271 -0.1110738 -0.0000460 -0.109091 -0.005927  0.000130 -0.000251  37
2022 01 22 59601  0.035076  0.291854 -0.1112005  0.0001375 -0.108999 -0.005945  0.000121 -0.000255  37
2022 01 23 59602  0.034368  0.293563 -0.1114884  0.0002770 -0.109003 -0.005956  0.000117 -0.000258  37
2022 01 24 59603  0.033772  0.295342 -0.1118887  0.0003519 -0.109071 -0.005943  0.000114 -0.000257  37
2022 01 25 59604  0.033189  0.297047 -0.1123157  0.0003253 -0.109213 -0.005881  0.000111 -0.000248  37
2022 01 26 59605  0.032618  0.298752 -0.1126631  0.0001973 -0.109462 -0.005751  0.000105 -0.000236  37
2022 01 27 59606  0.032164  0.300339 -0.1128451  0.0000027 -0.109848 -0.005616  0.000102 -0.000227  37
2022 01 28 59607  0.031701  0.301956 -0.1128209 -0.0002044 -0.110324 -0.005623  0.000105 -0.000227  37
2022 01 29 59608  0.031288  0.303768 -0.1126091 -0.0003642 -0.110698 -0.005838  0.000114 -0.000238  37
2022 01 30 59609  0.030856  0.305632 -0.1122852 -0.0004215 -0.110763 -0.006124  0.000127 -0.000255  37
2022 01 31 59610  0.030320  0.307573 -0.1119687 -0.0003512 -0.110499 -0.006290  0.000135 -0.000268  37
2022 02 01 59611  0.029775  0.309416 -0.1117778 -0.0001772 -0.110065 -0.006321  0.000133 -0.000270  37
2022 02 02 59612  0.029295  0.311302 -0.1117892  0.0000438 -0.109621 -0.006339  0.000121 -0.000259  37
2022 02 03 59613  0.028836  0.313397 -0.1120123  0.0002327 -0.109270 -0.006374  0.000104 -0.000240  37
2022 02 04 59614  0.028340  0.315577 -0.1123818  0.0003337 -0.109137 -0.006313  0.000089 -0.000223  37
2022 02 05 59615  0.027753  0.317649 -0.1128011  0.0003299 -0.109305 -0.006113  0.000083 -0.000214  37
2022 02 06 59616  0.027198  0.319729 -0.1131685  0.0002375 -0.109684 -0.005923  0.000086 -0.000213  37
2022 02 07 59617  0.026747  0.321741 -0.1134121  0.0000843 -0.110071 -0.005923  0.000093 -0.000216  37
2022 02 08 59618  0.026312  0.323749 -0.1134826 -0.0001005 -0.110325 -0.006101  0.000100 -0.000218  37
2022 02 09 59619  0.025937  0.325657 -0.1133657 -0.0002902 -0.110405 -0.006286  0.000105 -0.000216  37
2022 02 10 59620  0.025566  0.327495 -0.1130657 -0.0004602 -0.110271 -0.006360  0.000110 -0.000212  37
2022 02 11 59621  0.025139  0.329377 -0.1126188 -0.0005837 -0.109914 -0.006384  0.000118 -0.000211  37
2022 02 12 59622  0.024694  0.331285 -0.1120757 -0.0006522 -0.109455 -0.006493  0.000129 -0.000214  37
2022 02 13 59623  0.024392  0.333144 -0.1114925 -0.0006644 -0.109106 -0.006709  0.000138 -0.000220  37
2022 02 14 59624  0.024191  0.334955 -0.1109290 -0.0006077 -0.108971 -0.006911  0.000138 -0.000224  37
2022 02 15 59625  0.024064  0.336811 -0.1104600 -0.0004788 -0.108946 -0.006961  0.000125 -0.000223  37
2022 02 16 59626  0.023936  0.338756 -0.1101471 -0.0002973 -0.108872 -0.006854  0.000101 -0.000218  37
2022 02 17 59627  0.023791  0.340843 -0.1100311 -0.0000895 -0.108725 -0.006706  0.000076 -0.000213  37
2022 02 18 59628  0.023718  0.342977 -0.1101194  0.0001061 -0.108611 -0.006639  0.000057 -0.000213  37
2022 02 19 59629  0.023714  0.345129 -0.1103812  0.0002530 -0.108613 -0.006682  0.000050 -0.000217  37
2022 02 20 59630  0.023635  0.347123 -0.1107530  0.0003199 -0.108720 -0.006767  0.000053 -0.000223  37
2022 02 21 59631  0.023431  0.349031 -0.1111439  0.0002886 -0.108896 -0.006807  0.000058 -0.000222  37
2022 02 22 59632  0.023115  0.350827 -0.1114547  0.0001593 -0.109127 -0.006769  0.000060 -0.000213  37
2022 02 23 59633  0.022976  0.352538 -0.1115991 -0.0000342 -0.109373 -0.006698  0.000059 -0.000200  37
2022 02 24 59634  0.023026  0.354189 -0.1115384 -0.0002447 -0.109532 -0.006678  0.000060 -0.000193  37
2022 02 25 59635  0.023253  0.355834 -0.1112790 -0.0004181 -0.109504 -0.006772  0.000069 -0.000201  37
2022 02 26 59636  0.023464  0.357532 -0.1108903 -0.0004983 -0.109280 -0.006962  0.000086 -0.000223  37
2022 02 27 59637  0.023716  0.359433 -0.1104810 -0.0004573 -0.108966 -0.007156  0.000105 -0.000250  37
2022 02 28 59638  0.023899  0.361309 -0.1101733 -0.0003022 -0.108695 -0.007268  0.000115 -0.000268  37
2022 03 01 59639  0.023954  0.363158 -0.1100608 -0.0000747 -0.108534 -0.007293  0.000109 -0.000266  37
2022 03 02 59640  0.024035  0.365084 -0.1101850  0.0001583 -0.108447 -0.007294  0.000090 -0.000244  37
2022 03 03 59641  0.024263  0.367052 -0.1105136  0.0003265 -0.108370 -0.007303  0.000067 -0.000213  37
2022 03 04 59642  0.024696  0.368957 -0.1109623  0.0003974 -0.108314 -0.007294  0.000052 -0.000187  37
2022 03 05 59643  0.025181  0.370772 -0.1114299  0.0003637 -0.108359 -0.007257  0.000050 -0.000175  37
2022 03 06 59644  0.025750  0.372571 -0.1118185  0.0002468 -0.108554 -0.007252  0.000059 -0.000177  37
2022 03 07 59645  0.026357  0.374385 -0.1120634  0.0000803 -0.108845 -0.007340  0.000070 -0.000184  37
2022 03 08 59646  0.027055  0.376181 -0.1121300 -0.0001018 -0.109100 -0.007488  0.000077 -0.000185  37
2022 03 09 59647  0.027908  0.378058 -0.1120205 -0.0002705 -0.109190 -0.007593  0.000079 -0.000177  37
2022 03 10 59648  0.028766  0.380058 -0.1117586 -0.0004014 -0.109028 -0.007607  0.000079 -0.000163  37
2022 03 11 59649  0.029667  0.382009 -0.1113937 -0.0004789 -0.108610 -0.007608  0.000083 -0.000153  37
2022 03 12 59650  0.030594  0.383863 -0.1109807 -0.0004941 -0.108044 -0.007712  0.000093 -0.000151  37
2022 03 13 59651  0.031426  0.385795 -0.1105899 -0.0004344 -0.107532 -0.007942  0.000102 -0.000155  37
2022 03 14 59652  0.032105  0.387655 -0.1102932 -0.0003075 -0.107253 -0.008190  0.000101 -0.000159  37
2022 03 15 59653  0.032706  0.389538 -0.1101529 -0.0001218 -0.107243 -0.008317  0.000085 -0.000159  37
2022 03 16 59654  0.033333  0.391317 -0.1102210  0.0001047 -0.107374 -0.008273  0.000058 -0.000154  37
2022 03 17 59655  0.033938  0.393131 -0.1105234  0.0003436 -0.107477 -0.008122  0.000030 -0.000150  37
2022 03 18 59656  0.034513  0.395036 -0.1110522  0.0005472 -0.107487 -0.007979  0.000013 -0.000151  37
2022 03 19 59657  0.034967  0.396847 -0.1117454  0.0006699 -0.107487 -0.007928  0.000010 -0.000158  37
2022 03 20 59658  0.035449  0.398575 -0.1125086  0.0006795 -0.107612 -0.007977  0.000019 -0.000165  37
2022 03 21 59659  0.036025  0.400313 -0.1132202  0.0005706 -0.107906 -0.008076  0.000029 -0.000164  37
2022 03 22 59660  0.036774  0.402100 -0.1137786  0.0003775 -0.108259 -0.008158  0.000035 -0.000154  37
2022 03 23 59661  0.037606  0.404010 -0.1141222  0.0001517 -0.108486 -0.008196  0.000038 -0.000141  37
2022 03 24 59662  0.038483  0.405798 -0.1142502 -0.0000428 -0.108444 -0.008219  0.000043 -0.000136  37
2022 03 25 59663  0.039593  0.407528 -0.1142223 -0.0001511 -0.108112 -0.008276  0.000057 -0.000148  37
2022 03 26 59664  0.040796  0.409335 -0.1141436 -0.0001416 -0.107593 -0.008376  0.000079 -0.000177  37
2022 03 27 59665  0.042047  0.411038 -0.1141342 -0.0000173 -0.107065 -0.008484  0.000100 -0.000208  37
2022 03 28 59666  0.043426  0.412617 -0.1142940  0.0001880 -0.106701 -0.008562  0.000108 -0.000226  37
2022 03 29 59667  0.044720  0.414202 -0.1146775  0.0004186 -0.106594 -0.008588  0.000098 -0.000218  37
2022 03 30 59668  0.045901  0.415731 -0.1152782  0.0006141 -0.106709 -0.008560  0.000075 -0.000188  37
2022 03 31 59669  0.047057  0.417365 -0.1160378  0.0007325 -0.106902 -0.008481  0.000049 -0.000150  37
2022 04 01 59670  0.048166  0.418986 -0.1168664  0.0007496 -0.107021 -0.008380  0.000035 -0.000121  37
2022 04 02 59671  0.049321  0.420505 -0.1176602  0.0006661 -0.107027 -0.008319  0.000037 -0.000112  37
2022 04 03 59672  0.050521  0.422073 -0.1183311  0.0005097 -0.107021 -0.008360  0.000051 -0.000119  37
2022 04 04 59673  0.051764  0.423588 -0.1188248  0.0003191 -0.107113 -0.008496  0.000066 -0.000130  37
